<?xml version="1.0" encoding="UTF-8"?>
<!DOCTYPE svg PUBLIC "-//W3C//DTD SVG 1.1//EN" "http://www.w3.org/Graphics/SVG/1.1/DTD/svg11.dtd">
<!-- Creator: CorelDRAW 2019 (64-Bit) -->
<svg xmlns="http://www.w3.org/2000/svg" xml:space="preserve" width="6.801in" height="6.801in" version="1.1" style="shape-rendering:geometricPrecision; text-rendering:geometricPrecision; image-rendering:optimizeQuality; fill-rule:evenodd; clip-rule:evenodd"
viewBox="0 0 6801 6801"
 xmlns:xlink="http://www.w3.org/1999/xlink">
 <defs>
  <style type="text/css">
   <![CDATA[
    .fil0 {fill:black}
   ]]>
  </style>
 </defs>
 <g id="Layer_x0020_1">
  <metadata id="CorelCorpID_0Corel-Layer"/>
  <path class="fil0" d="M2866.35 441.28c594.39,0 1260.74,255.45 1663.86,660.62 49.42,49.67 100.61,95.23 145.82,146.4 227.68,257.7 426.63,612.82 512.02,949.08 22.09,86.99 40.53,143.97 53.71,238.51 51.19,366.97 44.11,631.24 -51,993.93 -87.62,334.1 -235.14,605.7 -443.72,871.26 -26.63,33.91 -38.55,43.54 -66.54,79.57 -186.03,239.5 -585.91,500.27 -848.17,612.93 -1604.11,689.1 -3389.46,-462.11 -3389.46,-2174.7 0,-349.41 89.55,-729.2 214.05,-974.14 37.28,-73.33 54.88,-131.23 97.44,-194.78 42.37,-63.24 73.45,-125.17 119.52,-185.98 43.48,-57.39 84.6,-117.49 130.79,-174.71 41.52,-51.44 102.37,-104.82 151.52,-153.98 375.84,-375.88 962.8,-694.02 1710.15,-694.02zm-164.43 -438.33l307.77 0c188.83,10.03 378.83,38.43 568.05,85.58 94.39,23.52 174.54,50.9 263.39,81.96 215.81,75.45 284.94,119.42 468.94,221.77 374.57,208.36 644.38,479.12 897.93,815.55 141.47,187.72 276.48,457.85 356.46,679.59 29.14,80.79 55.56,177.22 78.03,267.33 204.31,819.2 22.13,1605.73 -443.79,2279.24l-207.1 271.08c63.44,94.74 581.03,574.3 700.67,694.02l683.8 684.32c115.72,114.5 421.99,337.54 421.99,494.52 0,132.09 -87.3,214.22 -188.86,225.81l-50.09 0c-52.36,-5.92 -105.33,-30.44 -149.68,-76.26 -44.23,-45.69 -75.62,-61.96 -119.62,-106.19l-1401.13 -1388.24c-59.29,-59.29 -169.35,-182.45 -229.13,-222.48 -366.87,245.66 -244.37,208.64 -734.27,421.33 -125.38,54.43 -293,106.29 -435.56,135.6 -594.09,122.14 -1157.36,85.17 -1718.36,-139.33 -243.53,-97.46 -561.95,-281.85 -754.71,-454.02l-419.69 -430.4c-27.14,-36.35 -47.1,-59.91 -76.04,-96.63 -32.7,-41.5 -42.31,-59.57 -69.44,-103.24 -23.33,-37.56 -48.11,-68.85 -68.44,-104.24 -289.06,-503.13 -385.72,-893.78 -385.72,-1526.99 0,-385.33 138.96,-836.43 269.92,-1098.2 79.61,-159.12 158.46,-296.22 259.46,-431.24l311.18 -366.24 282.79 -235.24c470.61,-352.5 1015.72,-548.76 1581.29,-578.76z"/>
 </g>
</svg>
